       1   1   7   3
       2   1   8   4
       3   1   9   5
       4   1   9   6
       5   1  10   7
       6   1  11   8
       7   1  12   9
       8   1  12   9
       9   1  13  10
      10   1  14  11
      11   1  15  12
      12   1  15  13
      13   1  16  14
      14   1  17  15
      15   1  18  16
      16   1  18  17
      17   1  19  18
      18   1  20  19
      19   1  21  19
      20   1  22  20
      21   1  22  21
      22   1  23  22
      23   1  24  23
      24   1  25  24
      25   1  25  25
      26   1  26  26
      27   1  27  27
      28   3  28  28
      29   5  29  29
      30   7  29  29
      31   9  30  30
      32  12  31  31
      33  14  32  32
      34  15  33  33
      35  17  33  34
      36  19  34  35
      37  21  35  36
      38  22  36  37
      39  24  37  38
      40  26  37  39
      41  27  38  39
      42  29  39  40
      43  30  40  41
      44  32  41  42
      45  33  41  43
      46  35  42  44
      47  36  43  45
      48  37  44  46
      49  39  45  47
      50  40  45  48
      51  41  46  49
      52  43  47  50
      53  44  48  51
      54  45  49  51
      55  46  49  52
      56  48  50  53
      57  49  51  54
      58  50  52  55
      59  51  53  56
      60  53  54  57
      61  54  54  58
      62  55  55  59
      63  56  56  60
      64  57  57  61
      65  58  58  62
      66  60  58  63
      67  61  59  63
      68  62  60  64
      69  63  61  65
      70  64  62  66
      71  65  63  67
      72  66  63  68
      73  68  64  69
      74  69  65  70
      75  70  66  71
      76  71  67  72
      77  72  68  73
      78  73  68  74
      79  74  69  75
      80  75  70  75
      81  76  71  76
      82  77  72  77
      83  79  73  78
      84  80  73  79
      85  81  74  80
      86  82  75  81
      87  83  76  82
      88  84  77  83
      89  85  78  84
      90  86  78  85
      91  87  79  86
      92  88  80  87
      93  89  81  88
      94  90  82  88
      95  91  83  89
      96  92  83  90
      97  93  84  91
      98  94  85  92
      99  95  86  93
     100  97  87  94
     101  98  88  95
     102  99  89  96
     103 100  89  97
     104 101  90  98
     105 102  91  99
     106 103  92 100
     107 104  93 101
     108 105  94 102
     109 106  94 102
     110 107  95 103
     111 108  96 104
     112 109  97 105
     113 110  98 106
     114 111  99 107
     115 112 100 108
     116 113 100 109
     117 114 101 110
     118 115 102 111
     119 116 103 112
     120 117 104 113
     121 118 105 114
     122 119 106 115
     123 120 106 116
     124 121 107 116
     125 122 108 117
     126 123 109 118
     127 124 110 119
     128 125 111 120
     129 126 111 121
     130 127 112 122
     131 128 113 123
     132 129 114 124
     133 130 115 125
     134 131 116 126
     135 132 117 127
     136 133 117 128
     137 134 118 129
     138 135 119 130
     139 137 120 131
     140 138 121 131
     141 139 122 132
     142 140 123 133
     143 141 123 134
     144 142 124 135
     145 143 125 136
     146 144 126 137
     147 145 127 138
     148 146 128 139
     149 147 129 140
     150 148 129 141
     151 149 130 142
     152 150 131 143
     153 151 132 144
     154 152 133 145
     155 153 134 146
     156 154 135 146
     157 155 135 147
     158 156 136 148
     159 157 137 149
     160 158 138 150
     161 159 139 151
     162 160 140 152
     163 161 141 153
     164 162 142 154
     165 163 142 155
     166 164 143 156
     167 165 144 157
     168 166 145 158
     169 167 146 159
     170 168 147 160
     171 169 148 161
     172 170 148 162
     173 171 149 162
     174 172 150 163
     175 173 151 164
     176 174 152 165
     177 175 153 166
     178 176 154 167
     179 177 154 168
     180 178 155 169
     181 179 156 170
     182 180 157 171
     183 181 158 172
     184 182 159 173
     185 183 160 174
     186 184 161 175
     187 185 161 176
     188 186 162 177
     189 187 163 178
     190 188 164 178
     191 189 165 179
     192 190 166 180
     193 191 167 181
     194 192 167 182
     195 193 168 183
     196 194 169 184
     197 195 170 185
     198 196 171 186
     199 197 172 187
     200 198 173 188
     201 199 174 189
     202 200 174 190
     203 201 175 191
     204 202 176 192
     205 203 177 193
     206 204 178 194
     207 205 179 194
     208 206 180 195
     209 207 181 196
     210 208 181 197
     211 209 182 198
     212 210 183 199
     213 211 184 200
     214 212 185 201
     215 213 186 202
     216 214 187 203
     217 215 188 204
     218 216 188 205
     219 217 189 206
     220 218 190 207
     221 219 191 208
     222 220 192 209
     223 221 193 210
     224 222 194 211
     225 223 195 212
     226 224 195 212
     227 225 196 213
     228 226 197 214
     229 227 198 215
     230 228 199 216
     231 229 200 217
     232 230 201 218
     233 231 202 219
     234 232 202 220
     235 233 203 221
     236 234 204 222
     237 235 205 223
     238 236 206 224
     239 237 207 225
     240 238 208 226
     241 239 209 227
     242 240 209 228
     243 241 210 229
     244 242 211 229
     245 243 212 230
     246 244 213 231
     247 245 214 232
     248 246 215 233
     249 247 216 234
     250 248 216 235
     251 249 217 236
     252 250 218 237
     253 251 219 238
     254 252 220 239
     255 253 221 240
