      10          10         122          59
      11          10         122          59
      12          10         122          60
      13          10         123          61
      14          10         123          61
      15          10         124          62
      16          10         124          63
      17          10         125          64
      18          10         125          64
      19          10         125          65
      20          10         126          66
      21          10         126          67
      22          10         127          67
      23          10         127          68
      24          10         128          69
      25          10         128          69
      26          10         129          70
      27          10         129          71
      28          10         129          72
      29          10         130          72
      30          10         130          73
      31          10         131          74
      32          10         131          75
      33          10         132          75
      34          10         132          76
      35          10         133          77
      36          10         133          78
      37          10         134          78
      38          10         134          79
      39          10         135          80
      40          10         135          80
      41          10         136          81
      42          10         136          82
      43          10         137          83
      44          10         137          83
      45          10         137          84
      46          10         138          85
      47          10         138          86
      48          10         139          87
      49          10         139          87
      50          10         140          88
      51          10         140          89
      52          10         141          90
      53          10         141          90
      54          10         142          91
      55          10         142          92
      56          10         143          93
      57          10         143          93
      58          10         144          94
      59          10         144          95
      60          10         145          96
      61          10         146          96
      62          10         146          97
      63          10         147          98
      64          10         147          99
      65          10         148         100
      66          10         148         100
      67          10         149         101
      68          10         149         102
      69          10         150         103
      70          10         150         103
      71          10         151         104
      72          10         151         105
      73          10         152         106
      74          10         152         107
      75          10         153         107
      76          10         153         108
      77          10         154         109
      78          10         155         110
      79          10         155         111
      80          10         156         111
      81          10         156         112
      82          10         157         113
      83          10         157         114
      84          10         158         115
      85          10         158         115
      86          10         159         116
      87          10         159         117
      88          10         160         118
      89          10         161         119
      90          10         161         119
      91          10         162         120
      92          10         162         121
      93          10         163         122
      94          10         163         123
      95          10         164         123
      96          10         165         124
      97          10         165         125
      98          10         166         126
      99          10         166         127
     100          10         167         127
     101          10         167         128
     102          10         168         129
     103          10         169         130
     104          10         169         131
     105          10         170         131
     106          10         170         132
     107          10         171         133
     108          10         172         134
     109          10         172         135
     110          10         173         136
     111          10         173         136
     112          10         174         137
     113          10         174         138
     114          10         175         139
     115          10         176         140
     116          10         176         141
     117          10         177         141
     118          10         177         142
     119          10         178         143
     120          10         179         144
     121          10         179         145
     122          10         180         145
     123          10         181         146
     124          10         181         147
     125          10         182         148
     126          10         182         149
     127          10         183         150
     128          10         184         150
     129          10         184         151
     130          10         185         152
     131          10         185         153
     132          10         186         154
     133          10         187         155
     134          10         187         156
     135          10         188         156
     136          10         189         157
     137          10         189         158
     138          10         190         159
     139          10         190         160
     140          10         191         161
     141          10         192         161
     142          10         192         162
     143          10         193         163
     144          10         194         164
     145          10         194         165
     146          10         195         166
     147          10         196         166
     148          10         196         167
     149          10         197         168
     150          10         198         169
     151          10         198         170
     152          10         199         171
     153          10         199         172
     154          10         200         172
     155          10         201         173
     156          10         201         174
     157          10         202         175
     158          10         203         176
     159          10         203         177
     160          10         204         178
     161          10         205         178
     162          10         205         179
     163          10         206         180
     164          10         207         181
     165          10         207         182
     166          10         208         183
     167          10         209         184
     168          10         209         184
     169          10         210         185
     170          10         211         186
     171          10         211         187
     172          10         212         188
     173          10         213         189
     174          10         213         190
     175          10         214         190
     176          10         215         191
     177          10         215         192
     178          10         216         193
     179          10         217         194
     180          10         217         195
     181          10         218         196
     182          10         219         196
     183          10         219         197
     184          10         220         198
     185          10         221         199
     186          10         222         200
     187          10         222         201
     188          10         223         202
     189          10         224         203
     190          10         224         203
     191          10         225         204
     192          10         226         205
     193          10         226         206
     194          10         227         207
     195          10         228         208
     196          10         228         209
     197          10         229         210
     198          10         230         210
     199          10         231         211
     200          10         231         212
     201          10         232         213
     202          10         233         214
     203          10         233         215
     204          10         234         216
     205          10         235         217
     206          10         235         217
     207          10         236         218
     208          10         237         219
     209          10         238         220
     210          10         238         221
     211          10         239         222
     212          10         240         223
     213          10         240         224
     214          10         241         224
     215          10         242         225
     216          10         243         226
     217          10         243         227
     218          10         244         228
     219          10         245         229
     220          10         245         230
     221          10         246         231
     222          10         247         231
     223          10         248         232
     224          10         248         233
     225          10         249         234
     226          10         250         235
     227          10         251         236
     228          10         251         237
     229          10         252         238
     230          10         253         239
     231          10         253         239
     232          10         254         240
     233          10         255         241
     234          10         256         242
     235          10         256         243
     236          10         257         244
     237          10         258         245
     238          10         259         246
     239          10         259         247
     240          10         260         247
     241          10         261         248
     242          10         261         249
     243          10         262         250
     244          10         263         251
     245          10         264         252
     246          10         264         253
     247          10         265         254
     248          10         266         255
     249          10         267         255
     250          10         267         256
     251          10         268         257
     252          10         269         258
     253          10         270         259
     254          10         270         260
     255          10         271         261
     256          10         272         262
     257          10         273         263
     258          10         273         263
     259          10         274         264
     260          10         275         265
     261          10         276         266
     262          10         276         267
     263          10         277         268
     264          10         278         269
     265          10         279         270
     266          10         279         271
     267          10         280         272
     268          10         281         272
     269          10         282         273
     270          10         282         274
     271          10         283         275
     272          10         284         276
     273          10         285         277
     274          10         285         278
     275          10         286         279
     276          10         287         280
     277          10         288         281
     278          10         288         281
     279          10         289         282
     280          10         290         283
     281          10         291         284
     282          10         291         285
     283          10         292         286
     284          10         293         287
     285          10         294         288
     286          10         295         289
     287          10         295         290
     288          10         296         290
     289          10         297         291
     290          10         298         292
     291          10         298         293
     292          10         299         294
     293          10         300         295
     294          10         301         296
     295          10         301         297
     296          10         302         298
     297          10         303         299
     298          62         304         300
     299          98         305         300
     300         119         305         301
     301         134         306         302
     302         146         307         303
     303         156         308         304
     304         164         308         305
     305         172         309         306
     306         179         310         307
     307         185         311         308
     308         190         312         309
     309         196         312         309
     310         200         313         310
     311         205         314         311
     312         209         315         312
     313         213         315         313
     314         217         316         314
     315         221         317         315
     316         224         318         316
     317         228         319         317
     318         231         319         318
     319         234         320         319
     320         237         321         319
     321         240         322         320
     322         243         322         321
     323         246         323         322
     324         249         324         323
     325         251         325         324
     326         254         326         325
     327         256         326         326
     328         259         327         327
     329         261         328         328
     330         264         329         329
     331         266         330         329
     332         268         330         330
     333         270         331         331
     334         273         332         332
     335         275         333         333
     336         277         333         334
     337         279         334         335
     338         281         335         336
     339         283         336         337
     340         285         337         338
     341         287         337         339
     342         289         338         340
     343         291         339         340
     344         293         340         341
     345         294         341         342
     346         296         341         343
     347         298         342         344
     348         300         343         345
     349         302         344         346
     350         303         345         347
     351         305         345         348
     352         307         346         349
     353         308         347         350
     354         310         348         350
     355         312         349         351
     356         313         349         352
     357         315         350         353
     358         317         351         354
     359         318         352         355
     360         320         353         356
     361         321         353         357
     362         323         354         358
     363         324         355         359
     364         326         356         360
     365         327         357         361
     366         329         357         361
     367         330         358         362
     368         332         359         363
     369         333         360         364
     370         335         361         365
     371         336         361         366
     372         338         362         367
     373         339         363         368
     374         341         364         369
     375         342         365         370
     376         343         365         371
     377         345         366         372
     378         346         367         373
     379         348         368         373
     380         349         369         374
     381         350         370         375
     382         352         370         376
     383         353         371         377
     384         354         372         378
     385         356         373         379
     386         357         374         380
     387         358         374         381
     388         360         375         382
     389         361         376         383
     390         362         377         384
     391         364         378         384
     392         365         378         385
     393         366         379         386
     394         368         380         387
     395         369         381         388
     396         370         382         389
     397         371         382         390
     398         373         383         391
     399         374         384         392
     400         375         385         393
     401         377         386         394
     402         378         387         395
     403         379         387         396
     404         380         388         396
     405         382         389         397
     406         383         390         398
     407         384         391         399
     408         385         391         400
     409         387         392         401
     410         388         393         402
     411         389         394         403
     412         390         395         404
     413         391         396         405
     414         393         396         406
     415         394         397         407
     416         395         398         408
     417         396         399         408
     418         397         400         409
     419         399         400         410
     420         400         401         411
     421         401         402         412
     422         402         403         413
     423         403         404         414
     424         405         405         415
     425         406         405         416
     426         407         406         417
     427         408         407         418
     428         409         408         419
     429         410         409         420
     430         412         410         420
     431         413         410         421
     432         414         411         422
     433         415         412         423
     434         416         413         424
     435         417         414         425
     436         418         414         426
     437         420         415         427
     438         421         416         428
     439         422         417         429
     440         423         418         430
     441         424         419         431
     442         425         419         432
     443         426         420         432
     444         428         421         433
     445         429         422         434
     446         430         423         435
     447         431         424         436
     448         432         424         437
     449         433         425         438
     450         434         426         439
     451         436         427         440
     452         437         428         441
     453         438         429         442
     454         439         429         443
     455         440         430         444
     456         441         431         445
     457         442         432         445
     458         443         433         446
     459         444         433         447
     460         446         434         448
     461         447         435         449
     462         448         436         450
     463         449         437         451
     464         450         438         452
     465         451         438         453
     466         452         439         454
     467         453         440         455
     468         454         441         456
     469         455         442         457
     470         457         443         457
     471         458         443         458
     472         459         444         459
     473         460         445         460
     474         461         446         461
     475         462         447         462
     476         463         448         463
     477         464         448         464
     478         465         449         465
     479         466         450         466
     480         467         451         467
     481         468         452         468
     482         470         453         469
     483         471         453         470
     484         472         454         470
     485         473         455         471
     486         474         456         472
     487         475         457         473
     488         476         458         474
     489         477         458         475
     490         478         459         476
     491         479         460         477
     492         480         461         478
     493         481         462         479
     494         482         463         480
     495         483         464         481
     496         485         464         482
     497         486         465         483
     498         487         466         484
     499         488         467         484
     500         489         468         485
     501         490         469         486
     502         491         469         487
     503         492         470         488
     504         493         471         489
     505         494         472         490
     506         495         473         491
     507         496         474         492
     508         497         474         493
     509         498         475         494
     510         499         476         495
     511         500         477         496
     512         502         478         497
     513         503         479         497
     514         504         479         498
     515         505         480         499
     516         506         481         500
     517         507         482         501
     518         508         483         502
     519         509         484         503
     520         510         484         504
     521         511         485         505
     522         512         486         506
     523         513         487         507
     524         514         488         508
     525         515         489         509
     526         516         490         510
     527         517         490         511
     528         518         491         511
     529         519         492         512
     530         520         493         513
     531         521         494         514
     532         522         495         515
     533         524         495         516
     534         525         496         517
     535         526         497         518
     536         527         498         519
     537         528         499         520
     538         529         500         521
     539         530         501         522
     540         531         501         523
     541         532         502         524
     542         533         503         524
     543         534         504         525
     544         535         505         526
     545         536         506         527
     546         537         506         528
     547         538         507         529
     548         539         508         530
     549         540         509         531
     550         541         510         532
     551         542         511         533
     552         543         512         534
     553         544         512         535
     554         545         513         536
     555         546         514         537
     556         547         515         538
     557         548         516         538
     558         549         517         539
     559         550         517         540
     560         551         518         541
     561         553         519         542
     562         554         520         543
     563         555         521         544
     564         556         522         545
     565         557         523         546
     566         558         523         547
     567         559         524         548
     568         560         525         549
     569         561         526         550
     570         562         527         551
     571         563         528         552
     572         564         528         552
     573         565         529         553
     574         566         530         554
     575         567         531         555
     576         568         532         556
     577         569         533         557
     578         570         534         558
     579         571         534         559
     580         572         535         560
     581         573         536         561
     582         574         537         562
     583         575         538         563
     584         576         539         564
     585         577         540         565
     586         578         540         566
     587         579         541         567
     588         580         542         567
     589         581         543         568
     590         582         544         569
     591         583         545         570
     592         584         545         571
     593         585         546         572
     594         586         547         573
     595         587         548         574
     596         588         549         575
     597         589         550         576
     598         590         551         577
     599         591         551         578
     600         592         552         579
     601         593         553         580
     602         594         554         581
     603         596         555         581
     604         597         556         582
     605         598         557         583
     606         599         557         584
     607         600         558         585
     608         601         559         586
     609         602         560         587
     610         603         561         588
     611         604         562         589
     612         605         563         590
     613         606         563         591
     614         607         564         592
     615         608         565         593
     616         609         566         594
     617         610         567         595
     618         611         568         596
     619         612         568         596
     620         613         569         597
     621         614         570         598
     622         615         571         599
     623         616         572         600
     624         617         573         601
     625         618         574         602
     626         619         574         603
     627         620         575         604
     628         621         576         605
     629         622         577         606
     630         623         578         607
     631         624         579         608
     632         625         580         609
     633         626         580         610
     634         627         581         610
     635         628         582         611
     636         629         583         612
     637         630         584         613
     638         631         585         614
     639         632         586         615
     640         633         586         616
     641         634         587         617
     642         635         588         618
     643         636         589         619
     644         637         590         620
     645         638         591         621
     646         639         592         622
     647         640         592         623
     648         641         593         624
     649         642         594         625
     650         643         595         625
     651         644         596         626
     652         645         597         627
     653         646         598         628
     654         647         598         629
     655         648         599         630
     656         649         600         631
     657         650         601         632
     658         651         602         633
     659         652         603         634
     660         653         604         635
     661         654         604         636
     662         655         605         637
     663         656         606         638
     664         657         607         639
     665         658         608         640
     666         659         609         641
     667         660         610         641
     668         661         610         642
     669         662         611         643
     670         663         612         644
     671         664         613         645
     672         665         614         646
     673         666         615         647
     674         667         616         648
     675         668         617         649
     676         669         617         650
     677         670         618         651
     678         671         619         652
     679         672         620         653
     680         673         621         654
     681         674         622         655
     682         675         623         656
     683         676         623         656
     684         677         624         657
     685         678         625         658
     686         679         626         659
     687         680         627         660
     688         681         628         661
     689         683         629         662
     690         684         629         663
     691         685         630         664
     692         686         631         665
     693         687         632         666
     694         688         633         667
     695         689         634         668
     696         690         635         669
     697         691         635         670
     698         692         636         671
     699         693         637         671
     700         694         638         672
     701         695         639         673
     702         696         640         674
     703         697         641         675
     704         698         641         676
     705         699         642         677
     706         700         643         678
     707         701         644         679
     708         702         645         680
     709         703         646         681
     710         704         647         682
     711         705         648         683
     712         706         648         684
     713         707         649         685
     714         708         650         686
     715         709         651         687
     716         710         652         687
     717         711         653         688
     718         712         654         689
     719         713         654         690
     720         714         655         691
     721         715         656         692
     722         716         657         693
     723         717         658         694
     724         718         659         695
     725         719         660         696
     726         720         660         697
     727         721         661         698
     728         722         662         699
     729         723         663         700
     730         724         664         701
     731         725         665         702
     732         726         666         703
     733         727         667         703
     734         728         667         704
     735         729         668         705
     736         730         669         706
     737         731         670         707
     738         732         671         708
     739         733         672         709
     740         734         673         710
     741         735         673         711
     742         736         674         712
     743         737         675         713
     744         738         676         714
     745         739         677         715
     746         740         678         716
     747         741         679         717
     748         742         680         718
     749         743         680         718
     750         744         681         719
     751         745         682         720
     752         746         683         721
     753         747         684         722
     754         748         685         723
     755         749         686         724
     756         750         686         725
     757         751         687         726
     758         752         688         727
     759         753         689         728
     760         754         690         729
     761         755         691         730
     762         756         692         731
     763         757         693         732
     764         758         693         733
     765         759         694         734
     766         760         695         735
     767         761         696         735
     768         762         697         736
     769         763         698         737
     770         764         699         738
     771         765         699         739
     772         766         700         740
     773         767         701         741
     774         768         702         742
     775         769         703         743
     776         770         704         744
     777         771         705         745
     778         772         706         746
     779         773         706         747
     780         774         707         748
     781         775         708         749
     782         776         709         750
     783         777         710         751
     784         778         711         751
     785         779         712         752
     786         780         712         753
     787         781         713         754
     788         782         714         755
     789         783         715         756
     790         784         716         757
     791         785         717         758
     792         786         718         759
     793         787         719         760
     794         788         719         761
     795         789         720         762
     796         790         721         763
     797         791         722         764
     798         792         723         765
     799         793         724         766
     800         794         725         767
     801         795         726         767
     802         796         726         768
     803         797         727         769
     804         798         728         770
     805         799         729         771
     806         800         730         772
     807         801         731         773
     808         802         732         774
     809         803         732         775
     810         804         733         776
     811         805         734         777
     812         806         735         778
     813         807         736         779
     814         808         737         780
     815         809         738         781
     816         810         739         782
     817         811         739         783
     818         812         740         784
     819         813         741         784
     820         814         742         785
     821         815         743         786
     822         816         744         787
     823         817         745         788
     824         818         746         789
     825         819         746         790
     826         820         747         791
     827         821         748         792
     828         822         749         793
     829         823         750         794
     830         824         751         795
     831         825         752         796
     832         826         753         797
     833         827         753         798
     834         828         754         799
     835         829         755         800
     836         830         756         801
     837         831         757         801
     838         832         758         802
     839         833         759         803
     840         834         759         804
     841         835         760         805
     842         836         761         806
     843         837         762         807
     844         838         763         808
     845         839         764         809
     846         840         765         810
     847         841         766         811
     848         842         766         812
     849         843         767         813
     850         844         768         814
     851         845         769         815
     852         846         770         816
     853         847         771         817
     854         848         772         818
     855         849         773         818
     856         850         773         819
     857         851         774         820
     858         852         775         821
     859         853         776         822
     860         854         777         823
     861         855         778         824
     862         856         779         825
     863         857         780         826
     864         858         780         827
     865         859         781         828
     866         860         782         829
     867         861         783         830
     868         862         784         831
     869         863         785         832
     870         864         786         833
     871         865         787         834
     872         866         787         835
     873         867         788         835
     874         868         789         836
     875         869         790         837
     876         870         791         838
     877         871         792         839
     878         872         793         840
     879         873         794         841
     880         874         794         842
     881         875         795         843
     882         876         796         844
     883         877         797         845
     884         878         798         846
     885         879         799         847
     886         880         800         848
     887         881         801         849
     888         882         801         850
     889         883         802         851
     890         884         803         852
     891         885         804         853
     892         886         805         853
     893         887         806         854
     894         888         807         855
     895         889         808         856
     896         890         808         857
     897         891         809         858
     898         892         810         859
     899         893         811         860
     900         894         812         861
     901         895         813         862
     902         896         814         863
     903         897         815         864
     904         898         815         865
     905         899         816         866
     906         900         817         867
     907         901         818         868
     908         902         819         869
     909         903         820         870
     910         904         821         871
     911         905         822         871
     912         906         823         872
     913         907         823         873
     914         908         824         874
     915         909         825         875
     916         910         826         876
     917         911         827         877
     918         912         828         878
     919         913         829         879
     920         914         830         880
     921         915         830         881
     922         916         831         882
     923         917         832         883
     924         918         833         884
     925         919         834         885
     926         920         835         886
     927         921         836         887
     928         922         837         888
     929         923         837         889
     930         924         838         889
     931         925         839         890
     932         926         840         891
     933         927         841         892
     934         928         842         893
     935         929         843         894
     936         930         844         895
     937         931         844         896
     938         932         845         897
     939         933         846         898
     940         934         847         899
     941         935         848         900
     942         936         849         901
     943         937         850         902
     944         938         851         903
     945         939         852         904
     946         940         852         905
     947         941         853         906
     948         942         854         907
     949         943         855         907
     950         944         856         908
     951         945         857         909
     952         946         858         910
     953         947         859         911
     954         948         859         912
     955         949         860         913
     956         950         861         914
     957         951         862         915
     958         952         863         916
     959         953         864         917
     960         954         865         918
     961         955         866         919
     962         956         866         920
     963         957         867         921
     964         958         868         922
     965         959         869         923
     966         960         870         924
     967         961         871         925
     968         962         872         926
     969         963         873         926
     970         964         874         927
     971         965         874         928
     972         966         875         929
     973         967         876         930
     974         968         877         931
     975         969         878         932
     976         970         879         933
     977         971         880         934
     978         972         881         935
     979         973         881         936
     980         974         882         937
     981         975         883         938
     982         976         884         939
     983         977         885         940
     984         978         886         941
     985         979         887         942
     986         980         888         943
     987         981         889         944
     988         982         889         944
     989         983         890         945
     990         984         891         946
     991         985         892         947
     992         986         893         948
     993         987         894         949
     994         988         895         950
     995         989         896         951
     996         990         897         952
     997         991         897         953
     998         992         898         954
     999         993         899         955
    1000         994         900         956
    1001         995         901         957
    1002         996         902         958
    1003         997         903         959
    1004         998         904         960
    1005         999         904         961
    1006        1000         905         962
    1007        1001         906         963
    1008        1002         907         964
    1009        1003         908         964
    1010        1004         909         965
    1011        1005         910         966
    1012        1006         911         967
    1013        1007         912         968
    1014        1008         912         969
    1015        1009         913         970
    1016        1010         914         971
    1017        1011         915         972
    1018        1012         916         973
